LabVIEW Measurement	
Writer_Version	0.92
Reader_Version	1
Separator	Tab
Multi_Headings	No
X_Columns	One
Time_Pref	Absolute
Operator	Bjørn Halvor
Date	2005/11/11
Time	14:58:39,384999
***End_of_Header***	
	
Channels	3			
Samples	1	1	1	
Date	2005/11/11	2005/11/11	2005/11/11	
Time	14:58:39,424999	14:58:39,424999	14:58:39,424999	
X_Dimension	Time	Time	Time	
X0	0.0000000000000000E+0	0.0000000000000000E+0	0.0000000000000000E+0	
Delta_X	1.000000	1.000000	1.000000	
***End_of_Header***				
X_Value				Comment
0.000000	2.504082	0.001203	0.000000
0.040000	2.509165	0.001199	0.000000
0.992000	2.514249	0.001199	14960.000000
1.993000	2.514249	0.001199	34885.000000
3.045000	2.514249	0.001199	55254.000000
3.996000	2.509165	0.001203	75692.000000
4.998000	2.514249	0.001202	95914.000000
6.019000	2.509165	0.001202	115998.000000
6.990000	2.514249	0.001203	135845.000000
7.992000	2.509165	0.001200	155991.000000
9.053000	2.509165	0.001203	176392.000000
9.995000	2.509165	0.001205	196723.000000
10.996000	2.509165	0.001202	217011.000000
12.068000	2.509165	0.001200	237298.000000
12.999000	2.509165	0.001205	256941.000000
13.991000	2.514249	0.001199	276658.000000
14.992000	2.509165	0.001200	296362.000000
16.013000	2.509165	0.001205	316376.000000
16.995000	2.501540	0.001199	337045.000000
17.996000	2.504082	0.001199	357378.000000
19.068000	2.509165	0.001200	377204.000000
19.999000	2.504082	0.001199	397105.000000
20.991000	2.509165	0.001200	416719.000000
21.992000	2.509165	0.001200	436549.000000
23.013000	2.504082	0.001205	456161.000000
23.995000	2.509165	0.001200	476321.000000
24.996000	2.501540	0.001203	496521.000000
26.018000	2.514249	0.001200	516541.000000
26.999000	2.504082	0.001200	536228.000000
27.991000	2.509165	0.001205	555937.000000
28.992000	2.509165	0.001199	575724.000000
30.014000	2.509165	0.001203	595664.000000
30.995000	2.509165	0.001200	615990.000000
31.996000	2.509165	0.001199	636127.000000
33.018000	2.509165	0.001199	656282.000000
33.999000	2.509165	0.001203	676258.000000
34.991000	2.504082	0.001199	695966.000000
35.992000	2.506624	0.001205	715786.000000
37.054000	2.514249	0.001203	736344.000000
37.995000	2.509165	0.001199	752839.000000
38.996000	2.516791	0.001205	772992.000000
40.068000	2.509165	0.001203	791775.000000
40.999000	2.509165	0.001200	811815.000000
41.991000	2.509165	0.001199	831704.000000
42.992000	2.516791	0.001200	851595.000000
44.054000	2.504082	0.001200	872112.000000
44.995000	2.509165	0.001203	892751.000000
45.997000	2.516791	0.001200	913285.000000
47.068000	2.509165	0.001205	933944.000000
47.999000	2.506624	0.001200	954399.000000
48.991000	2.509165	0.001203	974735.000000
49.992000	2.501540	0.001205	995413.000000
51.064000	2.516791	0.001199	1015764.000000
51.995000	2.509165	0.001199	1036397.000000
52.997000	2.504082	0.001200	1056777.000000
54.058000	2.504082	0.001199	1077292.000000
54.999000	2.501540	0.001205	1097864.000000
55.991000	2.509165	0.001203	1118669.000000
56.992000	2.516791	0.001200	1139371.000000
58.014000	2.514249	0.001200	1160167.000000
58.995000	2.516791	0.001199	1171012.000000
59.997000	2.509165	0.001206	1185068.000000
61.018000	2.504082	0.001202	1196574.000000
62.000000	2.516791	0.001200	1214535.000000
62.991000	2.509165	0.001205	1234071.000000
63.992000	2.509165	0.001203	1254512.000000
65.064000	2.509165	0.001205	1274541.000000
65.995000	2.509165	0.001205	1294318.000000
66.997000	2.506624	0.001200	1313950.000000
68.018000	2.509165	0.001200	1333545.000000
69.000000	2.516791	0.001206	1352944.000000
69.991000	2.509165	0.001202	1372393.000000
70.992000	2.509165	0.001200	1392225.000000
72.064000	2.509165	0.001203	1411797.000000
72.995000	2.516791	0.001200	1431270.000000
73.997000	2.514249	0.001202	1451181.000000
75.068000	2.516791	0.001197	1470409.000000
76.000000	2.509165	0.001199	1489949.000000
76.991000	2.509165	0.001203	1509499.000000
77.993000	2.509165	0.001205	1529072.000000
79.064000	2.506624	0.001200	1548651.000000
79.995000	2.514249	0.001203	1568348.000000
80.997000	2.516791	0.001200	1588199.000000
82.068000	2.506624	0.001200	1608044.000000
83.000000	2.516791	0.001202	1627609.000000
83.991000	2.509165	0.001197	1647077.000000
84.993000	2.509165	0.001202	1666759.000000
86.014000	2.511707	0.001200	1686592.000000
86.995000	2.511707	0.001200	1704511.000000
87.997000	2.509165	0.001200	1724745.000000
89.058000	2.516791	0.001200	1744526.000000
90.000000	2.504082	0.001202	1764301.000000
90.991000	2.516791	0.001203	1783859.000000
91.993000	2.509165	0.001200	1803927.000000
93.014000	2.509165	0.001199	1823753.000000
93.996000	2.509165	0.001203	1843708.000000
94.997000	2.516791	0.001205	1863494.000000
96.018000	2.516791	0.001203	1883350.000000
97.000000	2.506624	0.001202	1903159.000000
97.991000	2.516791	0.001200	1922551.000000
98.993000	2.506624	0.001205	1942145.000000
100.064000	2.511707	0.001200	1961608.000000
100.996000	2.506624	0.001203	1981518.000000
101.997000	2.511707	0.001203	2001480.000000
103.019000	2.514249	0.001202	2021103.000000
104.000000	2.506624	0.001200	2040693.000000
104.991000	2.509165	0.001200	2060261.000000
105.993000	2.519332	0.001203	2079722.000000
107.014000	2.506624	0.001199	2099548.000000
107.996000	2.506624	0.001202	2119335.000000
108.997000	2.516791	0.001203	2139203.000000
110.069000	2.511707	0.001199	2158825.000000
111.000000	2.509165	0.001202	2178746.000000
111.991000	2.509165	0.001202	2198314.000000
112.993000	2.506624	0.001200	2218114.000000
114.064000	2.509165	0.001200	2237808.000000
114.996000	2.504082	0.001203	2257734.000000
115.997000	2.509165	0.001203	2277489.000000
117.019000	2.514249	0.001205	2297394.000000
118.000000	2.511707	0.001203	2317278.000000
118.991000	2.504082	0.001199	2336762.000000
119.993000	2.504082	0.001200	2356653.000000
121.014000	2.516791	0.001205	2376417.000000
121.996000	2.516791	0.001203	2396268.000000
122.997000	2.516791	0.001203	2415799.000000
124.109000	2.516791	0.001202	2435850.000000
125.000000	2.516791	0.001200	2455778.000000
125.992000	2.509165	0.001203	2475264.000000
126.993000	2.511707	0.001205	2495029.000000
128.014000	2.519332	0.001199	2514760.000000
128.996000	2.501540	0.001202	2534728.000000
129.997000	2.509165	0.001200	2554458.000000
131.019000	2.509165	0.001200	2574151.000000
132.000000	2.509165	0.001202	2593662.000000
132.992000	2.514249	0.001200	2612956.000000
133.993000	2.509165	0.001200	2632723.000000
135.065000	2.509165	0.001199	2652360.000000
135.996000	2.509165	0.001199	2672005.000000
136.997000	2.504082	0.001205	2692001.000000
138.019000	2.514249	0.001205	2711528.000000
138.990000	2.514249	0.001205	2730919.000000
139.992000	2.516791	0.001199	2750457.000000
141.053000	2.509165	0.001205	2770557.000000
141.995000	2.519332	0.001199	2790537.000000
142.996000	2.519332	0.001205	2808634.000000
144.058000	2.511707	0.001199	2828570.000000
144.999000	2.509165	0.001199	2848501.000000
145.990000	2.519332	0.001206	2868216.000000
146.992000	2.506624	0.001203	2887973.000000
148.013000	2.514249	0.001208	2908154.000000
148.995000	2.509165	0.001203	2928200.000000
149.996000	2.514249	0.001200	2948033.000000
151.018000	2.519332	0.001200	2967736.000000
151.999000	2.511707	0.001200	2987623.000000
152.990000	2.516791	0.001203	3007015.000000
153.992000	2.514249	0.001203	3026951.000000
155.053000	2.514249	0.001200	3046746.000000
155.995000	2.519332	0.001205	3066321.000000
156.996000	2.514249	0.001200	3086217.000000
158.018000	2.509165	0.001203	3105954.000000
158.999000	2.506624	0.001206	3125695.000000
159.990000	2.514249	0.001203	3145239.000000
160.992000	2.506624	0.001203	3165054.000000
162.013000	2.514249	0.001205	3184811.000000
162.995000	2.506624	0.001203	3204578.000000
164.006000	2.506624	0.001202	3224511.000000
165.118000	2.519332	0.001205	3244653.000000
165.999000	2.511707	0.001205	3264399.000000
166.991000	2.514249	0.001205	3283960.000000
167.992000	2.514249	0.001203	3303993.000000
169.063000	2.511707	0.001202	3323889.000000
169.995000	2.509165	0.001203	3343624.000000
170.996000	2.511707	0.001203	3363482.000000
172.018000	2.514249	0.001203	3383098.000000
172.999000	2.509165	0.001203	3402993.000000
173.991000	2.514249	0.001203	3422979.000000
174.992000	2.514249	0.001202	3442829.000000
176.064000	2.514249	0.001205	3462484.000000
176.995000	2.514249	0.001205	3482511.000000
177.996000	2.516791	0.001203	3502250.000000
179.058000	2.519332	0.001203	3521896.000000
179.999000	2.511707	0.001199	3541614.000000
180.991000	2.506624	0.001205	3561050.000000
181.992000	2.514249	0.001205	3581054.000000
183.014000	2.519332	0.001200	3601052.000000
183.995000	2.509165	0.001203	3621146.000000
184.996000	2.506624	0.001205	3640908.000000
186.028000	2.506624	0.001203	3660494.000000
186.999000	2.514249	0.001203	3680231.000000
187.991000	2.509165	0.001206	3700033.000000
188.992000	2.514249	0.001205	3719493.000000
190.064000	2.519332	0.001205	3732148.000000
190.995000	2.519332	0.001205	3751992.000000
191.996000	2.514249	0.001208	3771689.000000
193.018000	2.509165	0.001205	3791518.000000
193.999000	2.514249	0.001205	3811213.000000
194.991000	2.514249	0.001208	3830843.000000
195.992000	2.514249	0.001205	3850695.000000
197.064000	2.514249	0.001203	3870405.000000
197.995000	2.514249	0.001205	3889897.000000
198.997000	2.509165	0.001203	3909439.000000
200.068000	2.509165	0.001205	3929132.000000
200.999000	2.506624	0.001209	3948958.000000
201.991000	2.506624	0.001208	3968809.000000
202.992000	2.506624	0.001203	3988702.000000
204.054000	2.509165	0.001208	4008602.000000
204.995000	2.519332	0.001203	4028266.000000
205.997000	2.519332	0.001208	4048202.000000
207.068000	2.514249	0.001203	4068098.000000
207.999000	2.509165	0.001205	4087821.000000
208.991000	2.514249	0.001206	4107386.000000
209.992000	2.519332	0.001205	4127444.000000
211.014000	2.519332	0.001203	4147620.000000
211.995000	2.519332	0.001209	4167901.000000
212.997000	2.514249	0.001203	4186078.000000
214.058000	2.514249	0.001205	4206311.000000
215.000000	2.509165	0.001205	4226261.000000
215.991000	2.506624	0.001208	4245552.000000
216.992000	2.514249	0.001203	4265621.000000
218.014000	2.509165	0.001205	4285387.000000
218.995000	2.519332	0.001205	4305018.000000
219.997000	2.514249	0.001208	4324683.000000
221.018000	2.516791	0.001203	4344372.000000
222.000000	2.519332	0.001208	4364025.000000
222.991000	2.509165	0.001203	4383618.000000
223.992000	2.514249	0.001205	4403454.000000
225.064000	2.509165	0.001205	4423263.000000
225.995000	2.511707	0.001205	4442893.000000
226.997000	2.519332	0.001208	4462548.000000
228.018000	2.509165	0.001209	4482180.000000
229.000000	2.509165	0.001208	4502028.000000
229.991000	2.506624	0.001205	4521751.000000
230.993000	2.514249	0.001205	4541744.000000
232.014000	2.506624	0.001205	4561599.000000
232.995000	2.516791	0.001209	4581284.000000
233.997000	2.509165	0.001208	4601201.000000
235.068000	2.509165	0.001205	4621185.000000
236.000000	2.514249	0.001202	4641101.000000
236.991000	2.519332	0.001208	4660663.000000
237.993000	2.509165	0.001208	4680585.000000
239.054000	2.519332	0.001206	4700462.000000
239.995000	2.514249	0.001206	4720471.000000
240.997000	2.509165	0.001205	4740365.000000
242.018000	2.514249	0.001203	4760163.000000
243.000000	2.511707	0.001208	4779965.000000
243.991000	2.519332	0.001205	4799656.000000
244.993000	2.514249	0.001209	4819295.000000
246.014000	2.514249	0.001205	4838811.000000
246.996000	2.514249	0.001206	4858791.000000
247.997000	2.509165	0.001206	4878386.000000
249.059000	2.514249	0.001208	4898046.000000
250.000000	2.514249	0.001208	4917472.000000
250.991000	2.519332	0.001208	4937091.000000
251.993000	2.509165	0.001208	4956895.000000
253.014000	2.506624	0.001210	4976323.000000
253.996000	2.514249	0.001205	4995958.000000
254.997000	2.506624	0.001210	5015611.000000
256.019000	2.514249	0.001208	5035377.000000
257.000000	2.509165	0.001208	5055372.000000
257.991000	2.514249	0.001206	5074971.000000
258.993000	2.514249	0.001208	5094974.000000
260.064000	2.514249	0.001205	5114541.000000
260.996000	2.509165	0.001209	5134414.000000
261.997000	2.514249	0.001210	5154290.000000
263.019000	2.506624	0.001212	5174290.000000
264.000000	2.516791	0.001208	5194317.000000
264.991000	2.514249	0.001210	5214356.000000
265.993000	2.514249	0.001208	5234357.000000
267.064000	2.509165	0.001209	5254175.000000
267.996000	2.521874	0.001209	5274004.000000
268.997000	2.519332	0.001209	5294099.000000
270.069000	2.514249	0.001209	5313949.000000
271.000000	2.519332	0.001210	5334078.000000
271.991000	2.519332	0.001209	5353741.000000
272.993000	2.516791	0.001209	5373647.000000
274.074000	2.516791	0.001212	5394980.000000
274.996000	2.516791	0.001210	5414029.000000
275.997000	2.516791	0.001208	5433914.000000
277.019000	2.509165	0.001208	5453776.000000
278.000000	2.516791	0.001208	5473726.000000
278.992000	2.509165	0.001208	5493661.000000
279.993000	2.519332	0.001208	5513614.000000
281.014000	2.519332	0.001209	5533477.000000
281.996000	2.519332	0.001210	5553446.000000
282.997000	2.519332	0.001210	5573289.000000
284.109000	2.509165	0.001206	5593107.000000
285.000000	2.509165	0.001210	5612940.000000
285.992000	2.514249	0.001209	5632359.000000
286.993000	2.516791	0.001210	5651878.000000
288.015000	2.514249	0.001212	5671957.000000
289.006000	2.519332	0.001215	5691801.000000
289.997000	2.509165	0.001209	5711551.000000
290.999000	2.516791	0.001208	5731293.000000
291.990000	2.521874	0.001212	5750890.000000
293.062000	2.516791	0.001215	5770735.000000
294.003000	2.514249	0.001212	5790254.000000
294.995000	2.514249	0.001210	5810014.000000
295.996000	2.509165	0.001213	5830064.000000
297.017000	2.516791	0.001210	5849751.000000
297.999000	2.514249	0.001210	5869528.000000
299.040000	2.516791	0.001215	5889399.000000
299.992000	2.509165	0.001209	5909284.000000
301.013000	2.516791	0.001210	5929422.000000
301.995000	2.516791	0.001212	5949452.000000
302.996000	2.516791	0.001210	5969522.000000
304.058000	2.516791	0.001210	5989628.000000
304.999000	2.516791	0.001215	6009773.000000
305.990000	2.514249	0.001212	6029558.000000
306.992000	2.519332	0.001210	6049409.000000
308.013000	2.519332	0.001210	6069452.000000
309.045000	2.519332	0.001210	6089577.000000
309.996000	2.509165	0.001210	6109552.000000
311.018000	2.519332	0.001210	6129651.000000
311.999000	2.519332	0.001212	6149874.000000
312.990000	2.516791	0.001210	6169831.000000
314.052000	2.511707	0.001209	6189915.000000
314.993000	2.509165	0.001215	6209982.000000
316.015000	2.511707	0.001210	6230091.000000
316.996000	2.516791	0.001215	6250451.000000
317.998000	2.516791	0.001215	6270489.000000
319.069000	2.514249	0.001215	6290479.000000
319.991000	2.509165	0.001212	6310152.000000
320.992000	2.509165	0.001210	6330467.000000
322.063000	2.509165	0.001215	6350430.000000
322.995000	2.521874	0.001210	6370343.000000
324.026000	2.516791	0.001212	6390288.000000
324.998000	2.519332	0.001209	6410175.000000
326.069000	2.514249	0.001212	6430125.000000
326.991000	2.509165	0.001212	6450036.000000
327.992000	2.519332	0.001210	6469869.000000
329.054000	2.514249	0.001209	6489702.000000
329.995000	2.516791	0.001215	6509932.000000
330.996000	2.509165	0.001212	6529823.000000
332.018000	2.516791	0.001210	6549381.000000
332.999000	2.511707	0.001213	6568966.000000
333.991000	2.509165	0.001215	6588641.000000
334.992000	2.516791	0.001215	6608588.000000
336.014000	2.516791	0.001210	6628422.000000
336.995000	2.511707	0.001215	6648284.000000
337.996000	2.516791	0.001210	6668308.000000
339.058000	2.509165	0.001210	6688431.000000
340.019000	2.511707	0.001216	6708231.000000
341.011000	2.509165	0.001215	6728140.000000
341.992000	2.511707	0.001213	6748003.000000
343.014000	2.516791	0.001212	6767948.000000
343.995000	2.516791	0.001215	6787666.000000
344.996000	2.511707	0.001212	6807288.000000
346.018000	2.519332	0.001212	6827126.000000
346.999000	2.511707	0.001212	6847187.000000
347.991000	2.519332	0.001215	6866636.000000
348.992000	2.521874	0.001215	6886463.000000
350.014000	2.511707	0.001215	6906373.000000
351.015000	2.516791	0.001216	6926092.000000
352.017000	2.514249	0.001218	6946140.000000
353.018000	2.519332	0.001215	6966373.000000
353.999000	2.519332	0.001212	6986549.000000
354.991000	2.524416	0.001213	7006546.000000
355.992000	2.519332	0.001215	7026832.000000
357.014000	2.514249	0.001215	7046596.000000
357.995000	2.516791	0.001212	7066703.000000
359.017000	2.519332	0.001218	7086726.000000
360.018000	2.524416	0.001215	7106490.000000
360.999000	2.521874	0.001213	7126452.000000
361.991000	2.511707	0.001215	7146204.000000
363.012000	2.521874	0.001213	7165635.000000
364.014000	2.514249	0.001216	7185692.000000
365.015000	2.519332	0.001215	7205549.000000
365.997000	2.519332	0.001215	7225208.000000
366.998000	2.519332	0.001215	7244864.000000
368.030000	2.519332	0.001219	7264641.000000
369.011000	2.519332	0.001212	7284150.000000
370.032000	2.516791	0.001219	7303948.000000
371.014000	2.519332	0.001216	7323689.000000
372.025000	2.519332	0.001215	7343593.000000
372.997000	2.519332	0.001215	7363471.000000
373.998000	2.516791	0.001215	7383325.000000
375.030000	2.511707	0.001216	7403292.000000
376.011000	2.521874	0.001221	7422771.000000
377.013000	2.519332	0.001216	7442585.000000
378.014000	2.519332	0.001219	7462172.000000
378.995000	2.519332	0.001222	7482159.000000
380.027000	2.514249	0.001215	7502104.000000
381.038000	2.514249	0.001219	7522136.000000
382.020000	2.511707	0.001216	7542123.000000
383.011000	2.516791	0.001219	7562188.000000
384.023000	2.519332	0.001216	7582361.000000
385.034000	2.519332	0.001221	7602390.000000
385.995000	2.524416	0.001219	7622635.000000
387.037000	2.516791	0.001215	7642365.000000
388.018000	2.521874	0.001218	7662196.000000
389.000000	2.514249	0.001218	7682256.000000
389.991000	2.521874	0.001218	7702176.000000
390.993000	2.511707	0.001221	7722328.000000
392.014000	2.514249	0.001219	7742358.000000
392.995000	2.519332	0.001219	7762284.000000
393.997000	2.511707	0.001221	7782499.000000
395.068000	2.519332	0.001218	7802329.000000
396.000000	2.524416	0.001219	7822655.000000
396.991000	2.519332	0.001219	7842163.000000
397.993000	2.521874	0.001221	7862194.000000
399.014000	2.514249	0.001221	7882012.000000
399.996000	2.519332	0.001221	7902044.000000
400.997000	2.519332	0.001219	7922190.000000
402.069000	2.524416	0.001221	7942693.000000
403.000000	2.519332	0.001221	7962416.000000
403.991000	2.519332	0.001222	7982304.000000
404.993000	2.514249	0.001221	8002610.000000
406.014000	2.519332	0.001221	8022285.000000
406.996000	2.519332	0.001221	8042402.000000
407.997000	2.521874	0.001219	8062532.000000
409.019000	2.521874	0.001219	8082580.000000
410.000000	2.519332	0.001223	8102455.000000
410.991000	2.526958	0.001221	8122229.000000
411.993000	2.514249	0.001222	8141981.000000
413.014000	2.526958	0.001222	8161770.000000
413.996000	2.514249	0.001221	8181691.000000
414.997000	2.516791	0.001222	8201558.000000
416.019000	2.521874	0.001221	8221418.000000
417.000000	2.521874	0.001221	8241249.000000
417.991000	2.514249	0.001223	8261183.000000
418.993000	2.519332	0.001221	8280791.000000
420.064000	2.524416	0.001225	8300695.000000
420.996000	2.514249	0.001222	8320491.000000
421.997000	2.526958	0.001222	8340702.000000
423.019000	2.526958	0.001222	8360572.000000
424.000000	2.521874	0.001223	8380442.000000
424.991000	2.514249	0.001226	8400198.000000
425.993000	2.519332	0.001223	8420004.000000
427.014000	2.524416	0.001222	8439751.000000
427.996000	2.519332	0.001222	8459689.000000
428.997000	2.514249	0.001222	8479410.000000
430.069000	2.519332	0.001223	8499313.000000
431.000000	2.519332	0.001222	8519112.000000
431.992000	2.519332	0.001223	8538792.000000
432.993000	2.524416	0.001226	8558428.000000
434.014000	2.521874	0.001221	8578231.000000
434.996000	2.519332	0.001222	8595486.000000
435.997000	2.516791	0.001225	8615255.000000
437.069000	2.526958	0.001223	8634872.000000
437.990000	2.519332	0.001221	8654625.000000
438.992000	2.514249	0.001223	8674627.000000
440.063000	2.526958	0.001222	8694678.000000
440.995000	2.519332	0.001228	8714563.000000
441.996000	2.526958	0.001223	8734908.000000
443.017000	2.519332	0.001228	8755042.000000
443.999000	2.519332	0.001228	8775310.000000
444.990000	2.526958	0.001226	8795221.000000
445.992000	2.519332	0.001223	8815009.000000
447.013000	2.521874	0.001228	8834514.000000
447.995000	2.519332	0.001228	8854626.000000
448.996000	2.526958	0.001222	8874594.000000
450.017000	2.519332	0.001228	8894335.000000
450.999000	2.519332	0.001222	8914451.000000
451.990000	2.516791	0.001228	8934109.000000
452.992000	2.519332	0.001226	8953914.000000
454.063000	2.519332	0.001225	8973683.000000
454.995000	2.516791	0.001228	8993750.000000
455.996000	2.519332	0.001226	9013671.000000
457.068000	2.516791	0.001223	9033643.000000
457.999000	2.526958	0.001223	9053570.000000
458.990000	2.521874	0.001223	9073500.000000
459.992000	2.526958	0.001228	9093176.000000
461.063000	2.524416	0.001232	9112914.000000
461.995000	2.519332	0.001231	9133013.000000
462.996000	2.526958	0.001228	9150270.000000
464.018000	2.516791	0.001228	9170205.000000
464.999000	2.526958	0.001228	9190324.000000
465.990000	2.521874	0.001229	9209910.000000
466.992000	2.521874	0.001228	9229967.000000
468.013000	2.516791	0.001226	9250198.000000
468.995000	2.516791	0.001228	9270151.000000
469.996000	2.516791	0.001228	9288388.000000
471.068000	2.521874	0.001232	9308374.000000
471.999000	2.526958	0.001229	9328509.000000
472.991000	2.516791	0.001228	9348013.000000
473.992000	2.526958	0.001232	9368113.000000
475.013000	2.526958	0.001235	9388249.000000
475.995000	2.521874	0.001228	9408334.000000
476.996000	2.519332	0.001231	9428396.000000
478.018000	2.521874	0.001231	9448413.000000
478.999000	2.526958	0.001232	9468636.000000
479.991000	2.516791	0.001232	9488610.000000
480.992000	2.524416	0.001232	9508718.000000
482.013000	2.516791	0.001223	9528515.000000
482.995000	2.521874	0.001232	9548411.000000
483.996000	2.519332	0.001231	9568145.000000
485.018000	2.521874	0.001229	9587943.000000
485.999000	2.516791	0.001229	9607845.000000
486.991000	2.519332	0.001229	9627486.000000
487.992000	2.516791	0.001232	9647288.000000
489.064000	2.521874	0.001232	9667216.000000
489.995000	2.516791	0.001232	9686853.000000
490.996000	2.526958	0.001232	9706520.000000
492.068000	2.521874	0.001232	9726215.000000
492.999000	2.526958	0.001234	9746248.000000
493.991000	2.516791	0.001232	9766069.000000
494.992000	2.526958	0.001232	9786025.000000
496.064000	2.519332	0.001234	9805931.000000
496.995000	2.526958	0.001235	9825665.000000
497.996000	2.519332	0.001232	9845445.000000
499.018000	2.526958	0.001232	9865197.000000
499.999000	2.519332	0.001232	9885155.000000
500.991000	2.521874	0.001232	9904849.000000
501.992000	2.521874	0.001235	9924623.000000
503.014000	2.521874	0.001235	9944464.000000
503.995000	2.521874	0.001232	9964308.000000
504.997000	2.526958	0.001234	9984438.000000
506.068000	2.521874	0.001232	1.000471E+7
506.999000	2.521874	0.001238	1.002456E+7
507.991000	2.524416	0.001235	1.004438E+7
508.992000	2.519332	0.001234	1.006462E+7
510.014000	2.526958	0.001234	1.008449E+7
510.995000	2.519332	0.001234	1.010457E+7
511.997000	2.521874	0.001232	1.012471E+7
512.998000	2.516791	0.001234	1.014324E+7
514.070000	2.521874	0.001235	1.016329E+7
514.991000	2.521874	0.001235	1.018327E+7
515.992000	2.521874	0.001235	1.020341E+7
517.094000	2.519332	0.001242	1.022462E+7
517.995000	2.516791	0.001235	1.024359E+7
519.007000	2.521874	0.001238	1.026389E+7
519.998000	2.529499	0.001235	1.028360E+7
521.090000	2.519332	0.001236	1.030430E+7
521.991000	2.521874	0.001235	1.032381E+7
523.012000	2.524416	0.001235	1.034403E+7
523.994000	2.521874	0.001235	1.036410E+7
525.015000	2.519332	0.001238	1.038423E+7
525.997000	2.529499	0.001238	1.040429E+7
527.018000	2.526958	0.001236	1.042443E+7
528.000000	2.529499	0.001238	1.044466E+7
529.111000	2.516791	0.001239	1.046468E+7
529.992000	2.521874	0.001239	1.048449E+7
531.024000	2.524416	0.001236	1.050456E+7
531.995000	2.521874	0.001239	1.052462E+7
533.097000	2.526958	0.001238	1.054480E+7
533.998000	2.521874	0.001235	1.056472E+7
535.000000	2.529499	0.001238	1.058489E+7
536.071000	2.524416	0.001238	1.060479E+7
536.993000	2.519332	0.001239	1.062464E+7
537.994000	2.521874	0.001238	1.064468E+7
539.015000	2.519332	0.001244	1.066460E+7
539.997000	2.524416	0.001244	1.068410E+7
540.998000	2.524416	0.001242	1.070403E+7
542.080000	2.526958	0.001239	1.072388E+7
543.001000	2.521874	0.001239	1.074371E+7
544.033000	2.524416	0.001241	1.076384E+7
545.004000	2.526958	0.001241	1.078403E+7
546.026000	2.524416	0.001239	1.080394E+7
547.007000	2.524416	0.001238	1.082378E+7
548.078000	2.519332	0.001245	1.084374E+7
549.040000	2.526958	0.001239	1.086366E+7
550.011000	2.521874	0.001241	1.088335E+7
551.073000	2.529499	0.001242	1.090339E+7
552.044000	2.526958	0.001244	1.092306E+7
553.006000	2.529499	0.001242	1.094282E+7
554.057000	2.519332	0.001242	1.096276E+7
555.018000	2.524416	0.001242	1.098277E+7
556.090000	2.519332	0.001242	1.100270E+7
557.021000	2.529499	0.001242	1.102175E+7
558.003000	2.526958	0.001242	1.104194E+7
559.014000	2.519332	0.001242	1.106214E+7
560.086000	2.524416	0.001241	1.108240E+7
561.017000	2.519332	0.001242	1.110261E+7
562.009000	2.526958	0.001244	1.112305E+7
563.020000	2.521874	0.001245	1.114305E+7
563.991000	2.526958	0.001245	1.116279E+7
564.993000	2.524416	0.001245	1.118287E+7
566.014000	2.521874	0.001239	1.120304E+7
566.996000	2.529499	0.001245	1.122294E+7
567.997000	2.526958	0.001244	1.124303E+7
569.069000	2.529499	0.001245	1.126316E+7
570.000000	2.526958	0.001245	1.128336E+7
570.991000	2.526958	0.001245	1.130282E+7
571.993000	2.519332	0.001245	1.132320E+7
573.064000	2.529499	0.001245	1.134325E+7
573.996000	2.526958	0.001245	1.136350E+7
574.997000	2.529499	0.001244	1.138382E+7
576.019000	2.529499	0.001247	1.140031E+7
577.000000	2.526958	0.001244	1.142026E+7
577.991000	2.519332	0.001245	1.143999E+7
578.993000	2.526958	0.001245	1.145977E+7
580.054000	2.526958	0.001247	1.147981E+7
580.996000	2.526958	0.001245	1.150008E+7
581.997000	2.529499	0.001245	1.152045E+7
583.069000	2.529499	0.001247	1.154054E+7
584.000000	2.526958	0.001247	1.156077E+7
584.992000	2.526958	0.001249	1.158099E+7
585.993000	2.526958	0.001245	1.160142E+7
587.065000	2.519332	0.001247	1.162149E+7
587.996000	2.519332	0.001245	1.164175E+7
588.997000	2.526958	0.001245	1.166185E+7
590.059000	2.526958	0.001249	1.168198E+7
590.990000	2.526958	0.001248	1.170187E+7
591.992000	2.526958	0.001249	1.172180E+7
593.063000	2.524416	0.001248	1.174206E+7
593.995000	2.534583	0.001249	1.176191E+7
594.996000	2.519332	0.001247	1.178230E+7
596.067000	2.526958	0.001248	1.180252E+7
596.999000	2.521874	0.001249	1.182263E+7
597.990000	2.519332	0.001248	1.184275E+7
598.992000	2.534583	0.001252	1.186301E+7
600.053000	2.529499	0.001249	1.188314E+7
600.995000	2.526958	0.001251	1.190336E+7
601.996000	2.526958	0.001251	1.192355E+7
603.068000	2.526958	0.001251	1.194374E+7
603.999000	2.526958	0.001251	1.196367E+7
604.990000	2.526958	0.001251	1.198357E+7
605.992000	2.526958	0.001255	1.200396E+7
607.063000	2.526958	0.001251	1.202434E+7
607.995000	2.526958	0.001254	1.204461E+7
608.996000	2.519332	0.001257	1.206510E+7
610.058000	2.521874	0.001251	1.208542E+7
610.999000	2.526958	0.001255	1.210577E+7
611.990000	2.526958	0.001254	1.212598E+7
612.992000	2.529499	0.001254	1.214625E+7
614.013000	2.529499	0.001251	1.216640E+7
614.995000	2.526958	0.001252	1.218670E+7
615.996000	2.526958	0.001254	1.220701E+7
617.018000	2.526958	0.001254	1.222708E+7
617.999000	2.534583	0.001255	1.224734E+7
618.990000	2.532041	0.001252	1.226720E+7
619.992000	2.526958	0.001254	1.228723E+7
621.063000	2.534583	0.001255	1.230760E+7
621.995000	2.534583	0.001258	1.232775E+7
622.996000	2.534583	0.001255	1.234802E+7
624.018000	2.526958	0.001255	1.236823E+7
624.999000	2.526958	0.001255	1.238878E+7
625.991000	2.526958	0.001255	1.240889E+7
626.992000	2.521874	0.001254	1.242902E+7
628.063000	2.521874	0.001255	1.244876E+7
628.995000	2.524416	0.001255	1.246866E+7
629.996000	2.529499	0.001252	1.248838E+7
631.068000	2.534583	0.001255	1.250827E+7
631.999000	2.526958	0.001255	1.252803E+7
632.991000	2.534583	0.001257	1.254757E+7
633.992000	2.529499	0.001257	1.256752E+7
635.054000	2.521874	0.001255	1.258716E+7
635.995000	2.529499	0.001257	1.260710E+7
636.996000	2.526958	0.001257	1.262670E+7
638.068000	2.521874	0.001258	1.264648E+7
638.999000	2.534583	0.001257	1.266683E+7
639.991000	2.529499	0.001261	1.268643E+7
640.992000	2.529499	0.001255	1.270648E+7
642.014000	2.534583	0.001257	1.272651E+7
642.995000	2.521874	0.001262	1.274621E+7
643.996000	2.526958	0.001255	1.276630E+7
645.068000	2.521874	0.001257	1.278622E+7
645.999000	2.529499	0.001261	1.280638E+7
646.991000	2.526958	0.001257	1.282642E+7
647.992000	2.529499	0.001261	1.284648E+7
649.064000	2.537125	0.001257	1.286672E+7
649.995000	2.529499	0.001258	1.288692E+7
650.996000	2.524416	0.001258	1.290713E+7
652.018000	2.534583	0.001261	1.292747E+7
652.999000	2.524416	0.001258	1.294764E+7
653.991000	2.529499	0.001262	1.296775E+7
654.992000	2.534583	0.001262	1.298774E+7
656.064000	2.529499	0.001261	1.300799E+7
656.995000	2.529499	0.001258	1.302827E+7
657.997000	2.532041	0.001262	1.304841E+7
659.068000	2.526958	0.001262	1.306872E+7
659.999000	2.537125	0.001267	1.308894E+7
660.991000	2.521874	0.001261	1.310896E+7
661.992000	2.529499	0.001261	1.312917E+7
663.064000	2.537125	0.001261	1.314911E+7
663.995000	2.526958	0.001265	1.316919E+7
664.997000	2.529499	0.001261	1.318960E+7
666.068000	2.524416	0.001267	1.320977E+7
666.999000	2.529499	0.001261	1.323015E+7
667.991000	2.529499	0.001261	1.325034E+7
668.992000	2.529499	0.001261	1.327073E+7
670.014000	2.537125	0.001265	1.329107E+7
670.995000	2.532041	0.001265	1.331117E+7
671.997000	2.537125	0.001264	1.333138E+7
673.018000	2.524416	0.001261	1.335172E+7
674.000000	2.529499	0.001261	1.337175E+7
674.991000	2.524416	0.001264	1.339213E+7
675.992000	2.526958	0.001262	1.341239E+7
677.014000	2.532041	0.001261	1.343266E+7
677.995000	2.526958	0.001265	1.345294E+7
678.997000	2.537125	0.001264	1.347328E+7
680.058000	2.526958	0.001267	1.349336E+7
681.000000	2.526958	0.001265	1.351356E+7
681.991000	2.537125	0.001265	1.353349E+7
682.992000	2.539666	0.001262	1.355359E+7
684.064000	2.529499	0.001265	1.357362E+7
684.995000	2.537125	0.001265	1.359379E+7
686.037000	2.529499	0.001270	1.361420E+7
687.018000	2.537125	0.001261	1.363378E+7
688.000000	2.526958	0.001264	1.365350E+7
688.991000	2.537125	0.001265	1.367336E+7
690.063000	2.526958	0.001268	1.369346E+7
690.994000	2.532041	0.001270	1.371352E+7
692.015000	2.532041	0.001267	1.373354E+7
693.017000	2.526958	0.001268	1.375357E+7
693.998000	2.534583	0.001270	1.377378E+7
695.020000	2.532041	0.001267	1.379349E+7
696.011000	2.532041	0.001268	1.381318E+7
697.013000	2.524416	0.001267	1.383307E+7
698.014000	2.526958	0.001268	1.385324E+7
698.995000	2.537125	0.001271	1.387328E+7
699.997000	2.532041	0.001268	1.389351E+7
701.068000	2.529499	0.001268	1.391345E+7
702.000000	2.534583	0.001270	1.393355E+7
702.991000	2.526958	0.001268	1.395325E+7
703.993000	2.532041	0.001273	1.397311E+7
705.054000	2.534583	0.001274	1.399337E+7
705.996000	2.534583	0.001273	1.401333E+7
706.997000	2.526958	0.001273	1.403337E+7
708.018000	2.529499	0.001270	1.405332E+7
709.000000	2.537125	0.001273	1.407326E+7
709.991000	2.534583	0.001274	1.409303E+7
710.993000	2.537125	0.001271	1.411287E+7
712.014000	2.534583	0.001270	1.413277E+7
712.996000	2.539666	0.001270	1.415300E+7
713.997000	2.526958	0.001270	1.417281E+7
715.059000	2.526958	0.001271	1.419257E+7
716.000000	2.526958	0.001271	1.421250E+7
716.991000	2.532041	0.001268	1.423198E+7
717.993000	2.539666	0.001273	1.425203E+7
719.014000	2.537125	0.001274	1.427185E+7
719.996000	2.532041	0.001273	1.429191E+7
720.997000	2.532041	0.001271	1.431182E+7
722.019000	2.534583	0.001273	1.433175E+7
723.000000	2.534583	0.001274	1.435187E+7
723.991000	2.526958	0.001277	1.437172E+7
724.993000	2.534583	0.001274	1.439179E+7
726.064000	2.526958	0.001274	1.441199E+7
726.996000	2.534583	0.001274	1.443210E+7
727.997000	2.534583	0.001277	1.445221E+7
729.019000	2.526958	0.001274	1.447245E+7
730.000000	2.534583	0.001277	1.449230E+7
730.992000	2.537125	0.001274	1.451214E+7
731.993000	2.537125	0.001274	1.453220E+7
733.064000	2.537125	0.001278	1.455225E+7
733.996000	2.537125	0.001273	1.457223E+7
734.997000	2.529499	0.001275	1.459221E+7
736.069000	2.534583	0.001278	1.461251E+7
737.000000	2.539666	0.001280	1.463269E+7
737.992000	2.526958	0.001280	1.465253E+7
738.993000	2.534583	0.001277	1.467283E+7
740.055000	2.529499	0.001280	1.469303E+7
740.996000	2.539666	0.001277	1.471287E+7
741.997000	2.539666	0.001274	1.473285E+7
743.069000	2.534583	0.001277	1.475264E+7
743.990000	2.529499	0.001274	1.477259E+7
744.992000	2.526958	0.001280	1.479262E+7
746.063000	2.534583	0.001281	1.481250E+7
746.995000	2.526958	0.001278	1.483230E+7
747.996000	2.539666	0.001280	1.485201E+7
749.017000	2.539666	0.001280	1.487212E+7
749.999000	2.537125	0.001280	1.489232E+7
750.990000	2.534583	0.001280	1.491200E+7
751.992000	2.537125	0.001277	1.493214E+7
753.063000	2.539666	0.001277	1.495216E+7
753.995000	2.526958	0.001280	1.497204E+7
754.996000	2.534583	0.001281	1.499194E+7
756.068000	2.537125	0.001277	1.501213E+7
756.999000	2.526958	0.001280	1.503225E+7
757.990000	2.539666	0.001280	1.505194E+7
758.992000	2.537125	0.001281	1.507201E+7
760.053000	2.534583	0.001280	1.509194E+7
760.995000	2.537125	0.001280	1.511190E+7
761.996000	2.539666	0.001280	1.513165E+7
763.018000	2.526958	0.001283	1.515177E+7
763.999000	2.529499	0.001281	1.517168E+7
764.990000	2.539666	0.001280	1.519150E+7
765.992000	2.529499	0.001286	1.521172E+7
767.013000	2.529499	0.001284	1.523171E+7
767.995000	2.539666	0.001286	1.525170E+7
768.996000	2.529499	0.001280	1.527195E+7
770.058000	2.534583	0.001281	1.529223E+7
770.999000	2.529499	0.001283	1.531241E+7
771.990000	2.537125	0.001284	1.533205E+7
772.992000	2.537125	0.001281	1.535188E+7
774.063000	2.539666	0.001281	1.537151E+7
774.995000	2.537125	0.001284	1.539128E+7
775.996000	2.537125	0.001281	1.541113E+7
777.018000	2.534583	0.001284	1.543098E+7
777.999000	2.539666	0.001287	1.545086E+7
778.991000	2.529499	0.001284	1.547072E+7
779.992000	2.539666	0.001284	1.549061E+7
781.053000	2.529499	0.001281	1.551013E+7
781.995000	2.529499	0.001286	1.552994E+7
782.996000	2.539666	0.001283	1.554992E+7
784.018000	2.534583	0.001288	1.556990E+7
784.999000	2.537125	0.001286	1.558991E+7
785.991000	2.529499	0.001281	1.560995E+7
786.992000	2.537125	0.001284	1.562984E+7
788.013000	2.534583	0.001286	1.564986E+7
788.995000	2.539666	0.001284	1.566970E+7
789.996000	2.539666	0.001287	1.568971E+7
791.068000	2.537125	0.001284	1.570988E+7
791.999000	2.537125	0.001283	1.572990E+7
792.991000	2.542208	0.001288	1.575002E+7
793.992000	2.534583	0.001287	1.576976E+7
795.054000	2.532041	0.001284	1.578967E+7
795.995000	2.532041	0.001287	1.580957E+7
796.996000	2.532041	0.001291	1.582957E+7
798.018000	2.537125	0.001286	1.585028E+7
798.999000	2.537125	0.001290	1.588495E+7
799.991000	2.537125	0.001291	1.593416E+7
800.992000	2.539666	0.001284	1.599615E+7
802.014000	2.537125	0.001290	1.605880E+7
802.995000	2.542208	0.001290	1.612183E+7
803.996000	2.537125	0.001293	1.618284E+7
805.068000	2.537125	0.001291	1.624555E+7
805.999000	2.544750	0.001291	1.630881E+7
806.991000	2.537125	0.001293	1.637147E+7
807.992000	2.532041	0.001291	1.643579E+7
809.014000	2.534583	0.001293	1.650814E+7
809.995000	2.537125	0.001293	1.658998E+7
810.997000	2.539666	0.001296	1.667211E+7
812.018000	2.534583	0.001296	1.675457E+7
812.999000	2.534583	0.001297	1.684193E+7
813.991000	2.537125	0.001299	1.692420E+7
814.992000	2.537125	0.001296	1.701099E+7
816.014000	2.539666	0.001299	1.709777E+7
816.995000	2.537125	0.001300	1.717918E+7
817.997000	2.539666	0.001296	1.726090E+7
819.018000	2.539666	0.001300	1.734377E+7
819.999000	2.534583	0.001297	1.743009E+7
820.991000	2.537125	0.001301	1.754251E+7
822.012000	2.539666	0.001303	1.766411E+7
822.994000	2.547292	0.001303	1.778851E+7
824.015000	2.542208	0.001304	1.792298E+7
824.997000	2.547292	0.001303	1.805633E+7
825.998000	2.542208	0.001307	1.818496E+7
827.020000	2.534583	0.001304	1.831478E+7
827.991000	2.542208	0.001304	1.844522E+7
828.992000	2.547292	0.001306	1.857759E+7
830.054000	2.542208	0.001307	1.870971E+7
830.995000	2.542208	0.001307	1.884308E+7
831.997000	2.537125	0.001309	1.897751E+7
833.018000	2.542208	0.001307	1.911227E+7
834.000000	2.544750	0.001314	1.924960E+7
834.991000	2.542208	0.001309	1.938578E+7
835.992000	2.542208	0.001312	1.952228E+7
837.014000	2.537125	0.001312	1.965986E+7
837.995000	2.549833	0.001314	1.979817E+7
838.997000	2.539666	0.001314	1.993709E+7
840.058000	2.544750	0.001316	2.007656E+7
841.000000	2.549833	0.001317	2.021781E+7
841.991000	2.544750	0.001319	2.035833E+7
842.993000	2.547292	0.001317	2.050061E+7
844.014000	2.549833	0.001319	2.064397E+7
844.995000	2.539666	0.001314	2.078775E+7
846.037000	2.547292	0.001322	2.093101E+7
846.998000	2.547292	0.001320	2.107461E+7
848.070000	2.547292	0.001325	2.121888E+7
848.991000	2.547292	0.001323	2.136156E+7
849.993000	2.549833	0.001322	2.150593E+7
851.064000	2.554917	0.001330	2.164785E+7
851.995000	2.549833	0.001329	2.178628E+7
852.997000	2.547292	0.001326	2.192174E+7
854.018000	2.554917	0.001326	2.205768E+7
855.000000	2.547292	0.001330	2.219457E+7
855.991000	2.544750	0.001330	2.232955E+7
856.993000	2.554917	0.001329	2.246729E+7
858.014000	2.549833	0.001335	2.260569E+7
858.996000	2.549833	0.001330	2.274478E+7
859.997000	2.542208	0.001335	2.288457E+7
861.059000	2.549833	0.001330	2.301742E+7
862.000000	2.544750	0.001335	2.315742E+7
862.991000	2.549833	0.001335	2.329690E+7
863.993000	2.554917	0.001335	2.343917E+7
865.054000	2.552375	0.001338	2.358048E+7
865.996000	2.547292	0.001336	2.372048E+7
866.997000	2.549833	0.001338	2.386144E+7
868.029000	2.547292	0.001339	2.400327E+7
869.000000	2.557458	0.001342	2.414484E+7
869.991000	2.549833	0.001340	2.428482E+7
870.993000	2.549833	0.001343	2.442712E+7
872.014000	2.554917	0.001339	2.456954E+7
872.996000	2.557458	0.001348	2.471246E+7
873.997000	2.552375	0.001343	2.485631E+7
875.059000	2.554917	0.001346	2.500150E+7
876.000000	2.554917	0.001349	2.514542E+7
876.991000	2.554917	0.001346	2.528903E+7
877.993000	2.554917	0.001345	2.543544E+7
879.064000	2.557458	0.001349	2.558127E+7
879.996000	2.560000	0.001346	2.572694E+7
880.997000	2.554917	0.001351	2.587361E+7
882.069000	2.547292	0.001351	2.601987E+7
883.000000	2.557458	0.001351	2.616591E+7
883.992000	2.554917	0.001351	2.631246E+7
884.993000	2.554917	0.001353	2.646103E+7
886.014000	2.557458	0.001353	2.660738E+7
886.996000	2.560000	0.001361	2.675605E+7
887.997000	2.560000	0.001355	2.690393E+7
889.019000	2.557458	0.001358	2.705033E+7
890.000000	2.560000	0.001358	2.719823E+7
890.992000	2.560000	0.001359	2.734637E+7
891.993000	2.554917	0.001359	2.749521E+7
893.065000	2.560000	0.001362	2.764372E+7
893.996000	2.554917	0.001365	2.779240E+7
894.997000	2.560000	0.001366	2.794064E+7
896.069000	2.560000	0.001361	2.808926E+7
896.990000	2.557458	0.001366	2.823689E+7
897.992000	2.549833	0.001368	2.838696E+7
899.013000	2.560000	0.001369	2.853654E+7
899.995000	2.560000	0.001369	2.868558E+7
900.996000	2.549833	0.001369	2.883716E+7
902.067000	2.557458	0.001371	2.898828E+7
902.999000	2.560000	0.001372	2.913831E+7
903.990000	2.557458	0.001372	2.928923E+7
904.992000	2.560000	0.001374	2.943913E+7
906.013000	2.560000	0.001375	2.958820E+7
906.995000	2.562542	0.001375	2.973720E+7
907.996000	2.565084	0.001377	2.988624E+7
909.017000	2.565084	0.001377	3.003587E+7
909.999000	2.557458	0.001374	3.018510E+7
910.990000	2.554917	0.001377	3.033441E+7
911.992000	2.557458	0.001381	3.048301E+7
913.063000	2.562542	0.001378	3.063229E+7
913.995000	2.560000	0.001384	3.078400E+7
914.996000	2.560000	0.001382	3.093551E+7
916.068000	2.567625	0.001384	3.108626E+7
916.999000	2.557458	0.001382	3.123729E+7
917.990000	2.560000	0.001384	3.138696E+7
918.992000	2.567625	0.001384	3.153801E+7
920.043000	2.557458	0.001388	3.169075E+7
920.995000	2.562542	0.001388	3.184484E+7
921.996000	2.560000	0.001390	3.199843E+7
923.018000	2.560000	0.001390	3.215079E+7
923.999000	2.565084	0.001392	3.230557E+7
924.990000	2.560000	0.001394	3.245700E+7
925.992000	2.557458	0.001394	3.261049E+7
927.093000	2.562542	0.001395	3.276588E+7
927.995000	2.565084	0.001395	3.292122E+7
929.096000	2.562542	0.001400	3.308118E+7
930.028000	2.570167	0.001401	3.322703E+7
931.069000	2.560000	0.001400	3.338071E+7
932.071000	2.560000	0.001398	3.353000E+7
933.202000	2.560000	0.001401	3.369922E+7
934.033000	2.570167	0.001400	3.384001E+7
935.055000	2.570167	0.001400	3.398987E+7
935.996000	2.570167	0.001408	3.414130E+7
937.068000	2.565084	0.001405	3.429414E+7
938.189000	2.572709	0.001411	3.446527E+7
939.101000	2.572709	0.001405	3.459719E+7
939.992000	2.567625	0.001408	3.475003E+7
941.044000	2.567625	0.001411	3.490594E+7
942.005000	2.560000	0.001411	3.506012E+7
943.066000	2.570167	0.001411	3.521343E+7
944.198000	2.567625	0.001417	3.536576E+7
945.109000	2.567625	0.001413	3.551943E+7
946.021000	2.575251	0.001413	3.566950E+7
947.072000	2.567625	0.001418	3.582466E+7
948.074000	2.567625	0.001417	3.598146E+7
948.995000	2.562542	0.001418	3.612754E+7
950.097000	2.567625	0.001420	3.626495E+7
951.018000	2.560000	0.001417	3.640063E+7
951.999000	2.567625	0.001423	3.653719E+7
952.991000	2.575251	0.001420	3.667165E+7
953.992000	2.577792	0.001424	3.680807E+7
955.014000	2.562542	0.001421	3.694571E+7
955.995000	2.570167	0.001424	3.708237E+7
956.996000	2.567625	0.001426	3.721797E+7
958.018000	2.570167	0.001429	3.735586E+7
958.999000	2.562542	0.001427	3.749378E+7
959.991000	2.570167	0.001429	3.763115E+7
960.992000	2.577792	0.001427	3.777150E+7
962.044000	2.572709	0.001430	3.791086E+7
962.995000	2.565084	0.001431	3.804988E+7
963.997000	2.565084	0.001431	3.818891E+7
965.018000	2.567625	0.001431	3.832897E+7
965.999000	2.570167	0.001433	3.846918E+7
966.991000	2.567625	0.001436	3.860742E+7
967.992000	2.577792	0.001436	3.874842E+7
969.014000	2.577792	0.001436	3.888834E+7
969.995000	2.577792	0.001436	3.902699E+7
970.997000	2.577792	0.001439	3.916720E+7
972.018000	2.570167	0.001440	3.930723E+7
972.999000	2.575251	0.001442	3.944703E+7
973.991000	2.575251	0.001446	3.958616E+7
974.992000	2.567625	0.001442	3.972785E+7
976.034000	2.580334	0.001442	3.986672E+7
976.995000	2.580334	0.001446	4.000459E+7
977.997000	2.567625	0.001443	4.014412E+7
979.048000	2.570167	0.001446	4.028338E+7
980.000000	2.575251	0.001447	4.042153E+7
980.991000	2.567625	0.001449	4.055977E+7
981.992000	2.580334	0.001449	4.069852E+7
983.044000	2.570167	0.001442	4.083652E+7
983.995000	2.575251	0.001452	4.097492E+7
985.007000	2.577792	0.001452	4.111428E+7
985.998000	2.582876	0.001453	4.125081E+7
987.040000	2.575251	0.001452	4.138734E+7
987.991000	2.580334	0.001455	4.152360E+7
988.992000	2.567625	0.001455	4.166006E+7
990.074000	2.567625	0.001457	4.179981E+7
990.995000	2.570167	0.001459	4.193487E+7
991.997000	2.575251	0.001457	4.207233E+7
993.018000	2.580334	0.001460	4.220967E+7
994.000000	2.577792	0.001459	4.234665E+7
995.021000	2.570167	0.001459	4.248804E+7
996.013000	2.580334	0.001465	4.262069E+7
997.014000	2.577792	0.001459	4.275775E+7
998.035000	2.570167	0.001465	4.289612E+7
998.997000	2.577792	0.001465	4.303383E+7
1000.088000	2.580334	0.001465	4.317546E+7
1001.000000	2.572709	0.001468	4.330812E+7
1002.011000	2.577792	0.001470	4.344451E+7
1002.993000	2.582876	0.001469	4.358041E+7
1004.034000	2.580334	0.001469	4.371735E+7
1005.026000	2.577792	0.001469	4.385875E+7
1005.997000	2.580334	0.001473	4.399618E+7
1006.998000	2.580334	0.001470	4.413471E+7
1008.020000	2.580334	0.001475	4.427404E+7
1008.991000	2.575251	0.001473	4.441242E+7
1010.043000	2.582876	0.001473	4.455046E+7
1010.994000	2.575251	0.001476	4.468927E+7
1012.036000	2.580334	0.001476	4.482817E+7
1012.997000	2.580334	0.001476	4.496677E+7
1013.998000	2.580334	0.001478	4.509971E+7
1015.080000	2.577792	0.001476	4.523975E+7
1015.991000	2.577792	0.001482	4.537772E+7
1016.993000	2.580334	0.001481	4.551673E+7
1018.104000	2.585418	0.001485	4.565700E+7
1018.996000	2.577792	0.001484	4.579695E+7
1020.047000	2.575251	0.001482	4.593510E+7
1020.999000	2.580334	0.001486	4.607387E+7
1022.050000	2.577792	0.001488	4.619307E+7
1022.991000	2.585418	0.001488	4.633005E+7
1023.993000	2.582876	0.001488	4.646863E+7
1025.014000	2.575251	0.001492	4.660809E+7
1025.996000	2.587959	0.001486	4.674669E+7
1026.997000	2.580334	0.001492	4.688399E+7
1028.019000	2.577792	0.001491	4.702236E+7
1029.000000	2.590501	0.001498	4.715735E+7
1029.991000	2.590501	0.001492	4.727906E+7
1030.993000	2.580334	0.001492	4.739218E+7
1032.014000	2.580334	0.001498	4.751501E+7
1032.996000	2.587959	0.001495	4.763708E+7
1033.997000	2.590501	0.001492	4.775789E+7
1035.019000	2.582876	0.001498	4.787916E+7
1036.000000	2.582876	0.001498	4.800068E+7
1036.992000	2.580334	0.001499	4.811973E+7
1037.993000	2.587959	0.001498	4.824042E+7
1039.014000	2.577792	0.001501	4.836172E+7
1039.996000	2.590501	0.001499	4.848184E+7
1040.997000	2.590501	0.001504	4.860237E+7
1042.019000	2.580334	0.001502	4.872307E+7
1043.000000	2.580334	0.001504	4.884320E+7
1043.992000	2.577792	0.001499	4.896143E+7
1044.993000	2.590501	0.001502	4.908102E+7
1046.035000	2.585418	0.001510	4.920160E+7
1047.016000	2.590501	0.001505	4.932144E+7
1048.037000	2.585418	0.001505	4.944235E+7
1048.999000	2.590501	0.001504	4.956285E+7
1049.990000	2.582876	0.001505	4.968202E+7
1051.022000	2.590501	0.001510	4.980216E+7
1051.993000	2.590501	0.001510	4.992220E+7
1052.995000	2.587959	0.001510	5.004225E+7
1054.016000	2.580334	0.001512	5.016209E+7
1054.997000	2.595585	0.001511	5.028314E+7
1055.999000	2.587959	0.001510	5.040328E+7
1056.990000	2.590501	0.001511	5.052098E+7
1058.012000	2.580334	0.001511	5.064016E+7
1058.993000	2.587959	0.001515	5.076008E+7
1059.995000	2.587959	0.001515	5.087858E+7
1061.016000	2.590501	0.001517	5.099587E+7
1061.997000	2.595585	0.001515	5.111501E+7
1062.999000	2.590501	0.001521	5.123324E+7
1063.990000	2.593043	0.001521	5.135020E+7
1065.052000	2.587959	0.001521	5.146954E+7
1065.993000	2.580334	0.001520	5.158974E+7
1066.995000	2.590501	0.001523	5.170765E+7
1068.016000	2.590501	0.001520	5.182695E+7
1068.998000	2.580334	0.001523	5.194759E+7
1069.999000	2.580334	0.001523	5.206801E+7
1070.990000	2.590501	0.001521	5.218563E+7
1072.062000	2.587959	0.001523	5.230582E+7
1072.993000	2.582876	0.001523	5.242495E+7
1074.015000	2.582876	0.001523	5.249228E+7
1075.096000	2.582876	0.001527	5.251479E+7
1076.018000	2.582876	0.001523	5.253702E+7
1077.039000	2.595585	0.001523	5.255970E+7
